-7.402160,33.706896
-7.402091,33.706874
-7.401922,33.706743
-7.401767,33.706644
-7.401687,33.706552
-7.401535,33.706351
-7.401422,33.706061
-7.401365,33.705816
-7.401290,33.705522
-7.401189,33.704942
-7.401108,33.704470
-7.401032,33.704020
-7.400875,33.703254
-7.400721,33.702355
-7.400550,33.701462
-7.400454,33.700510
-7.400328,33.700015
-7.400305,33.699926
-7.400229,33.699599
-7.400153,33.699276
-7.400128,33.699003
-7.400086,33.698601
-7.400095,33.698197
-7.400134,33.697566
-7.400241,33.696844
-7.400392,33.696227
-7.400488,33.695848
-7.400735,33.695229
-7.401064,33.694559
-7.401415,33.693958
-7.401686,33.693566
-7.402091,33.693047
-7.402396,33.692653
-7.402862,33.692068
-7.403521,33.691237
-7.404215,33.690359
-7.404850,33.689569
-7.405528,33.688693
-7.406260,33.687761
-7.407045,33.686754
-7.407731,33.685884
-7.408242,33.685269
-7.408566,33.684927
-7.409088,33.684392
-7.409795,33.683763
-7.410033,33.683551
-7.410194,33.683478
-7.410246,33.683493
-7.410318,33.683497
-7.410401,33.683479
-7.410435,33.683463
-7.410471,33.683439
-7.410506,33.683403
-7.410538,33.683340
-7.410545,33.683295
-7.410537,33.683240
-7.410584,33.683169
-7.410651,33.683095
-7.410720,33.683036
-7.411132,33.682735
-7.411938,33.682120
-7.412516,33.681687
-7.412859,33.681433
-7.413625,33.680829
-7.413699,33.680773
-7.413944,33.680586
-7.413978,33.680588
-7.414061,33.680570
-7.414096,33.680554
-7.414131,33.680530
-7.414167,33.680494
-7.414199,33.680431
-7.414205,33.680386
-7.414376,33.680242
-7.415513,33.679351
-7.415611,33.679275
-7.415799,33.679130
-7.417018,33.678190
-7.417540,33.677784
-7.418264,33.677359
-7.418946,33.677004
-7.419708,33.676675
-7.420439,33.676427
-7.421407,33.676120
-7.422844,33.675685
-7.424867,33.675088
-7.425053,33.675033
-7.426041,33.674776
-7.426563,33.674610
-7.427418,33.674293
-7.427569,33.674248
-7.427621,33.674255
-7.427695,33.674246
-7.427725,33.674233
-7.427761,33.674217
-7.427824,33.674149
-7.427842,33.674089
-7.427830,33.674016
-7.427792,33.673962
-7.427768,33.673945
-7.427783,33.673761
-7.427867,33.673507
-7.428655,33.672825
-7.429181,33.672325
-7.429401,33.672048
-7.430373,33.670827
-7.431995,33.668812
-7.433394,33.667190
-7.434304,33.665940
-7.434999,33.665054
-7.435497,33.664304
-7.436235,33.663075
-7.437222,33.661632
-7.438381,33.660132
-7.439934,33.658082
-7.440715,33.656703
-7.442045,33.654281
-7.442938,33.652602
-7.443505,33.651573
-7.443796,33.650837
-7.444269,33.649408
-7.444681,33.648058
-7.445076,33.646837
-7.445419,33.645565
-7.446655,33.642978
-7.446912,33.642264
-7.447658,33.640666
-7.447711,33.640584
-7.448114,33.639805
-7.448414,33.639240
-7.448610,33.638723
-7.448661,33.638586
-7.448744,33.638368
-7.448800,33.638218
-7.449127,33.637154
-7.449443,33.636363
-7.449530,33.636146
-7.449594,33.635957
-7.449707,33.635808
-7.449779,33.635730
-7.449869,33.635566
-7.449902,33.635543
-7.450139,33.635289
-7.450420,33.635209
-7.450604,33.635179
-7.450823,33.635203
-7.450877,33.635210
-7.450898,33.635213
-7.450973,33.635201
-7.451059,33.635150
-7.451098,33.635096
-7.451111,33.635050
-7.451106,33.634987
-7.451078,33.634933
-7.451201,33.634647
-7.451532,33.634363
-7.451814,33.634014
-7.452018,33.633737
-7.452145,33.633459
-7.452173,33.633290
-7.452220,33.633066
-7.452252,33.632905
-7.452257,33.632656
-7.452154,33.632132
-7.451953,33.631571
-7.451679,33.630773
-7.451583,33.630440
-7.451509,33.630193
-7.451443,33.629733
-7.451455,33.629402
-7.451471,33.629135
-7.451502,33.628757
-7.451637,33.628215
-7.451724,33.627891
-7.452000,33.627375
-7.452270,33.626969
-7.453589,33.625282
-7.454888,33.623638
-7.455289,33.623047
-7.455636,33.622429
-7.455954,33.621870
-7.456457,33.621014
-7.456899,33.620234
-7.457997,33.618520
-7.458568,33.617639
-7.459120,33.616848
-7.459705,33.616016
-7.460499,33.615046
-7.461247,33.614100
-7.462566,33.612550
-7.462723,33.612335
-7.464002,33.610729
-7.464478,33.610156
-7.464854,33.609645
-7.465295,33.608981
-7.465746,33.608289
-7.466083,33.607656
-7.466320,33.607222
-7.466504,33.606827
-7.466841,33.605964
-7.467098,33.605181
-7.467324,33.604472
-7.467514,33.603835
-7.468093,33.601930
-7.468360,33.601042
-7.468665,33.600229
-7.468802,33.599954
-7.469076,33.599411
-7.469120,33.599321
-7.469426,33.598665
-7.469556,33.598373
-7.470390,33.596766
-7.471287,33.594990
-7.471750,33.594062
-7.472236,33.593089
-7.472606,33.592241
-7.472895,33.591497
-7.473419,33.590332
-7.474049,33.589067
-7.474174,33.588816
-7.474753,33.587765
-7.474935,33.587435
-7.475580,33.586287
-7.475791,33.585863
-7.476014,33.585340
-7.476282,33.584660
-7.476567,33.583937
-7.476805,33.583352
-7.477015,33.582874
-7.477267,33.582414
-7.477320,33.582330
-7.477513,33.582023
-7.478332,33.580841
-7.478808,33.580156
-7.479167,33.579628
-7.479605,33.578945
-7.479843,33.578471
-7.480045,33.577976
-7.480560,33.576739
-7.480989,33.575702
-7.481440,33.574518
-7.481749,33.573482
-7.482238,33.571899
-7.482577,33.570782
-7.483024,33.569314
-7.483175,33.568820
-7.483617,33.567381
-7.484062,33.565785
-7.484275,33.565078
-7.484379,33.564746
-7.484509,33.564493
-7.484873,33.563810
-7.484887,33.563759
-7.484982,33.563567
-7.485019,33.563486
-7.485096,33.563318
-7.485118,33.563271
-7.485287,33.562881
-7.485605,33.561601
-7.485901,33.560360
-7.486221,33.558761
-7.486323,33.558540
-7.486393,33.558309
-7.486435,33.558308
-7.486515,33.558274
-7.486563,33.558226
-7.486586,33.558171
-7.486586,33.558116
-7.486563,33.558060
-7.486495,33.557884
-7.486506,33.557437
-7.487056,33.555392
-7.487092,33.555256
-7.487113,33.555179
-7.487278,33.554714
-7.487659,33.553638
-7.487676,33.553588
-7.488766,33.551467
-7.488846,33.551361
-7.490059,33.549689
-7.491138,33.548454
-7.491826,33.547665
-7.491933,33.547543
-7.492698,33.546571
-7.493283,33.545324
-7.493700,33.544194
-7.493929,33.542703
-7.493966,33.541832
-7.494246,33.535116
-7.494299,33.533833
-7.494344,33.532266
-7.494421,33.529546
-7.494457,33.528982
-7.494722,33.523499
-7.494794,33.522014
-7.494924,33.520948
-7.496727,33.514298
-7.497590,33.511743
-7.497738,33.511284
-7.498046,33.510575
-7.499002,33.508853
-7.500916,33.504997
-7.503250,33.500342
-7.504897,33.497848
-7.505031,33.497678
-7.506195,33.495783
-7.507548,33.493706
-7.508110,33.492638
-7.509323,33.489685
-7.509567,33.488692
-7.509673,33.488346
-7.509966,33.486585
-7.510340,33.484619
-7.510560,33.483376
-7.510736,33.481944
-7.510970,33.479469
-7.511192,33.476856
-7.511369,33.475923
-7.511686,33.474643
-7.512188,33.472652
-7.512552,33.471588
-7.513431,33.469102
-7.514070,33.467287
-7.514594,33.465726
-7.514694,33.465426
-7.514866,33.464812
-7.515169,33.464232
-7.515788,33.463141
-7.516173,33.462564
-7.516273,33.462573
-7.516369,33.462543
-7.516415,33.462509
-7.516461,33.462436
-7.516467,33.462365
-7.516457,33.462328
-7.516435,33.462289
-7.516701,33.462026
-7.517162,33.461542
-7.518459,33.460276
-7.519254,33.459497
-7.519623,33.459098
-7.520085,33.458500
-7.520568,33.457730
-7.520757,33.457363
-7.520958,33.456952
-7.521135,33.456502
-7.521277,33.456097
-7.521327,33.456003
-7.521403,33.455957
-7.521471,33.455932
-7.521630,33.455876
-7.521795,33.455829
-7.521847,33.455863
-7.521878,33.455875
-7.521933,33.455885
-7.521964,33.455886
-7.522013,33.455879
-7.522057,33.455864
-7.522104,33.455835
-7.522138,33.455800
-7.522159,33.455762
-7.522170,33.455716
-7.522167,33.455672
-7.522151,33.455630
-7.522119,33.455588
-7.522081,33.455559
-7.522043,33.455540
-7.521998,33.455407
-7.521947,33.455203
-7.521916,33.455000
-7.521869,33.454637
-7.521810,33.454073
-7.521739,33.453299
-7.521739,33.453141
-7.521698,33.453032
-7.521735,33.452998
-7.521757,33.452964
-7.521770,33.452928
-7.521774,33.452888
-7.521763,33.452838
-7.521728,33.452784
-7.521689,33.452751
-7.521648,33.452731
-7.521638,33.452601
-7.521594,33.452443
-7.521544,33.452159
-7.521469,33.451750
-7.521443,33.451459
-7.521386,33.451098
-7.521238,33.449657
-7.521155,33.448915
-7.520712,33.445064
-7.520586,33.443593
-7.520552,33.442776
-7.520434,33.441767
-7.520414,33.441366
-7.520381,33.440743
-7.520360,33.440073
-7.520400,33.439515
-7.520546,33.438320
-7.520707,33.437071
-7.520804,33.436280
-7.520862,33.435745
-7.520932,33.435449
-7.521056,33.435067
-7.521272,33.434591
-7.521486,33.434045
-7.521650,33.433558
-7.521779,33.433204
-7.521879,33.432897
-7.521947,33.432624
-7.522058,33.432133
-7.522113,33.431800
-7.522215,33.431326
-7.522422,33.430615
-7.522566,33.429971
-7.522689,33.429398
-7.522822,33.428749
-7.522968,33.428140
-7.523182,33.427266
-7.523271,33.426953
-7.523365,33.426707
-7.523613,33.426128
-7.524116,33.425164
-7.524597,33.424238
-7.524839,33.423665
-7.524939,33.423514
-7.525098,33.423202
-7.525572,33.422489
-7.525889,33.422035
-7.526591,33.420975
-7.527273,33.420006
-7.528338,33.418491
-7.530259,33.416212
-7.531096,33.415173
-7.531398,33.414788
-7.531583,33.414600
-7.531784,33.414312
-7.531907,33.414075
-7.532098,33.413662
-7.532265,33.413112
-7.532413,33.412614
-7.532551,33.412212
-7.532652,33.411880
-7.532760,33.411462
-7.532859,33.410913
-7.533087,33.410408
-7.533149,33.410169
-7.533281,33.409784
-7.533385,33.409582
-7.533422,33.409579
-7.533464,33.409557
-7.533509,33.409533
-7.533550,33.409478
-7.533563,33.409401
-7.533539,33.409338
-7.533492,33.409289
-7.533474,33.408831
-7.533497,33.408536
-7.533537,33.408204
-7.533505,33.407784
-7.533579,33.406888
-7.533644,33.406181
-7.533757,33.405145
-7.533914,33.403761
-7.534168,33.402250
-7.534381,33.401082
-7.534419,33.400871
-7.534709,33.399211
-7.534786,33.398538
-7.534800,33.398218
-7.534806,33.398075
-7.534827,33.397562
-7.534896,33.395966
-7.535092,33.394554
-7.535180,33.393912
-7.535329,33.392818
-7.535805,33.390240
-7.535891,33.389903
-7.536019,33.389569
-7.536224,33.389151
-7.536553,33.388396
-7.536785,33.387924
-7.536818,33.387830
-7.536894,33.387657
-7.536957,33.387520
-7.537317,33.386760
-7.537436,33.386509
-7.537943,33.385372
-7.538047,33.385145
-7.538372,33.384437
-7.538931,33.383219
-7.539436,33.382118
-7.540283,33.380286
-7.540383,33.380035
-7.540455,33.379771
-7.540545,33.379316
-7.540733,33.378404
-7.540896,33.377591
-7.541196,33.376080
-7.541255,33.375783
-7.541350,33.375305
-7.541678,33.374041
-7.542022,33.372752
-7.542114,33.372407
-7.542356,33.371553
-7.542425,33.371309
-7.542478,33.371122
-7.543038,33.369337
-7.543952,33.367019
-7.545597,33.362850
-7.545844,33.362253
-7.546016,33.361868
-7.546231,33.361535
-7.546468,33.361246
-7.546595,33.361097
-7.547702,33.359984
-7.550287,33.358072
-7.552632,33.356455
-7.553939,33.355537
-7.554365,33.355242
-7.554784,33.354960
-7.555212,33.354615
-7.555653,33.354249
-7.556851,33.353247
-7.556944,33.353168
-7.558479,33.351869
-7.558609,33.351765
-7.559407,33.351130
-7.559789,33.350802
-7.560082,33.350517
-7.560473,33.350013
-7.560724,33.349623
-7.561049,33.349016
-7.561642,33.347910
-7.562304,33.346651
-7.563006,33.345372
-7.563754,33.344061
-7.564511,33.342734
-7.565292,33.341407
-7.565475,33.341092
-7.565875,33.340404
-7.566675,33.338995
-7.567465,33.337650
-7.568167,33.336405
-7.570563,33.332258
-7.570888,33.331691
-7.571018,33.331340
-7.571117,33.330958
-7.571313,33.329799
-7.571490,33.328736
-7.571523,33.328538
-7.571617,33.327982
-7.571740,33.327259
-7.571983,33.325824
-7.572176,33.324747
-7.572237,33.324466
-7.572381,33.324062
-7.572449,33.323869
-7.572733,33.323067
-7.573230,33.321700
-7.573718,33.320281
-7.573848,33.319873
-7.573917,33.319481
-7.574027,33.318734
-7.574055,33.318333
-7.574060,33.318025
-7.574045,33.317726
-7.574025,33.317382
-7.573956,33.316996
-7.573786,33.316069
-7.573647,33.315525
-7.573561,33.315202
-7.573366,33.314523
-7.573147,33.313741
-7.572894,33.312776
-7.572844,33.312526
-7.572793,33.312206
-7.572784,33.311929
-7.572771,33.311539
-7.572745,33.309980
-7.572764,33.309310
-7.572769,33.309238
-7.572826,33.308403
-7.572863,33.307616
-7.572894,33.306891
-7.572985,33.305379
-7.573013,33.304701
-7.573050,33.304082
-7.573080,33.303456
-7.573121,33.302789
-7.573146,33.302357
-7.573183,33.301716
-7.573219,33.300937
-7.573254,33.300131
-7.573295,33.299642
-7.573339,33.299256
-7.573400,33.298902
-7.573487,33.298452
-7.573667,33.297821
-7.573781,33.297376
-7.573877,33.296989
-7.574046,33.296641
-7.574064,33.296637
-7.574093,33.296621
-7.574132,33.296585
-7.574154,33.296539
-7.574157,33.296506
-7.574145,33.296459
-7.574114,33.296417
-7.574070,33.296388
-7.574096,33.296224
-7.574360,33.295409
-7.574745,33.294216
-7.575215,33.292773
-7.575516,33.291869
-7.575860,33.290815
-7.576298,33.289524
-7.576662,33.288401
-7.577033,33.287253
-7.577450,33.285963
-7.577642,33.285454
-7.577806,33.285109
-7.577962,33.284898
-7.578000,33.284893
-7.578052,33.284869
-7.578095,33.284825
-7.578113,33.284777
-7.578111,33.284728
-7.578088,33.284681
-7.578077,33.284672
-7.578170,33.284401
-7.578487,33.283810
-7.579088,33.282758
-7.579543,33.281911
-7.580119,33.280817
-7.580590,33.279865
-7.581119,33.278798
-7.581698,33.277795
-7.582332,33.276641
-7.582803,33.275790
-7.582834,33.275733
-7.583370,33.274713
-7.583566,33.274399
-7.583644,33.274254
-7.584078,33.273527
-7.584225,33.273274
-7.584620,33.272589
-7.584991,33.271907
-7.585182,33.271791
-7.585578,33.271589
-7.585663,33.271614
-7.585790,33.271612
-7.585863,33.271594
-7.585969,33.271536
-7.586045,33.271452
-7.586074,33.271375
-7.586083,33.271351
-7.586076,33.271245
-7.586012,33.271129
-7.585920,33.271057
-7.585893,33.271049
-7.585676,33.270445
-7.585465,33.270007
-7.585246,33.269551
-7.585032,33.269107
-7.584811,33.268649
-7.584583,33.268180
-7.584382,33.267747
-7.584023,33.267006
-7.583952,33.266856
-7.583762,33.266444
-7.583513,33.265838
-7.583235,33.265195
-7.582793,33.264202
-7.582428,33.263334
-7.582037,33.262596
-7.581745,33.261878
-7.581604,33.261641
-7.581564,33.261532
-7.581576,33.261350
-7.581576,33.261041
-7.581614,33.260592
-7.581946,33.259538
-7.582081,33.259221
-7.582113,33.259195
-7.582128,33.259166
-7.582131,33.259134
-7.582120,33.259104
-7.582088,33.259071
-7.582330,33.258297
-7.582677,33.257201
-7.582839,33.256852
-7.582883,33.256823
-7.582907,33.256787
-7.582915,33.256738
-7.582894,33.256687
-7.582885,33.256558
-7.583134,33.255716
-7.583471,33.254709
-7.583929,33.253222
-7.584096,33.252703
-7.584181,33.252559
-7.584214,33.252534
-7.584237,33.252493
-7.584239,33.252457
-7.584226,33.252422
-7.584199,33.252393
-7.584214,33.252290
-7.584256,33.252133
-7.584409,33.251720
-7.584965,33.249885
-7.585468,33.248197
-7.585653,33.247656
-7.585718,33.247497
-7.586159,33.245883
-7.586569,33.244395
-7.586652,33.244235
-7.586703,33.244210
-7.586734,33.244177
-7.586750,33.244136
-7.586751,33.244112
-7.586739,33.244070
-7.586711,33.244035
-7.586726,33.243828
-7.587053,33.242758
-7.587515,33.241061
-7.588071,33.239123
-7.588148,33.238988
-7.588188,33.238966
-7.588210,33.238943
-7.588224,33.238916
-7.588229,33.238886
-7.588224,33.238857
-7.588203,33.238822
-7.588204,33.238653
-7.588479,33.237638
-7.588680,33.236635
-7.588724,33.236058
-7.588946,33.234720
-7.589001,33.234034
-7.589061,33.233654
-7.589149,33.233302
-7.589304,33.232939
-7.589479,33.232597
-7.589688,33.232278
-7.590125,33.231663
-7.590551,33.231090
-7.591063,33.230401
-7.592787,33.228050
-7.595803,33.223977
-7.596695,33.222776
-7.596924,33.222500
-7.597170,33.222228
-7.597458,33.221980
-7.597953,33.221609
-7.598541,33.221196
-7.600769,33.219634
-7.601316,33.219236
-7.601605,33.219015
-7.601878,33.218775
-7.602293,33.218404
-7.602926,33.217820
-7.603594,33.217213
-7.604049,33.216807
-7.604352,33.216520
-7.605045,33.215891
-7.606563,33.214503
-7.607992,33.213203
-7.608610,33.212626
-7.608838,33.212376
-7.609257,33.211846
-7.609587,33.211345
-7.609877,33.210815
-7.610012,33.210529
-7.610211,33.209978
-7.610374,33.209425
-7.610795,33.207964
-7.611166,33.206708
-7.611242,33.206346
-7.611320,33.205887
-7.611385,33.205259
-7.611492,33.204241
-7.611696,33.202232
-7.611910,33.200073
-7.611983,33.199616
-7.612080,33.199209
-7.612271,33.198562
-7.612632,33.197694
-7.614057,33.194253
-7.615106,33.191733
-7.615227,33.191410
-7.615301,33.191193
-7.615422,33.190794
-7.615507,33.190435
-7.615602,33.189907
-7.615644,33.189547
-7.615706,33.188738
-7.615948,33.185333
-7.615961,33.184840
-7.615900,33.184262
-7.615788,33.183539
-7.615607,33.182556
-7.615373,33.181301
-7.615316,33.180868
-7.615273,33.180368
-7.615273,33.180025
-7.615275,33.179483
-7.615307,33.179133
-7.615408,33.178518
-7.615476,33.178260
-7.615638,33.177625
-7.615889,33.176729
-7.616682,33.173978
-7.616733,33.173788
-7.617031,33.172688
-7.617243,33.172006
-7.617297,33.171843
-7.617634,33.170840
-7.618102,33.169555
-7.618609,33.168118
-7.618746,33.167730
-7.619333,33.166072
-7.619867,33.164615
-7.620158,33.163618
-7.620249,33.163161
-7.620275,33.162984
-7.620321,33.162685
-7.620330,33.161767
-7.620311,33.160752
-7.620222,33.158126
-7.620185,33.157611
-7.620105,33.157074
-7.619942,33.156469
-7.619672,33.155406
-7.619382,33.154234
-7.619252,33.153658
-7.619217,33.153319
-7.619172,33.152867
-7.619140,33.152357
-7.619187,33.151572
-7.619265,33.151053
-7.619387,33.150448
-7.619615,33.149735
-7.619835,33.149117
-7.620207,33.148151
-7.620759,33.146679
-7.621119,33.145823
-7.621467,33.145179
-7.622234,33.143779
-7.622967,33.142416
-7.623839,33.140884
-7.624469,33.139685
-7.624799,33.139093
-7.624956,33.138710
-7.625206,33.137986
-7.625358,33.137316
-7.625459,33.136818
-7.625491,33.136292
-7.625493,33.135756
-7.625454,33.135177
-7.625396,33.134086
-7.625311,33.132935
-7.625274,33.131993
-7.625291,33.131376
-7.625286,33.130779
-7.625284,33.130553
-7.625299,33.129517
-7.625314,33.128221
-7.625311,33.126953
-7.625321,33.126103
-7.625334,33.124690
-7.625334,33.123935
-7.625334,33.123440
-7.625366,33.122429
-7.625406,33.122019
-7.625439,33.121707
-7.625486,33.121259
-7.625576,33.120558
-7.625644,33.119582
-7.625646,33.119289
-7.625591,33.119002
-7.625506,33.118603
-7.625326,33.117945
-7.625299,33.117681
-7.625321,33.117380
-7.625376,33.117145
-7.625481,33.116857
-7.625579,33.116648
-7.625701,33.116351
-7.625874,33.115950
-7.626000,33.115606
-7.626103,33.115195
-7.626202,33.114672
-7.626272,33.114053
-7.626627,33.110693
-7.626838,33.108697
-7.627329,33.104220
-7.627426,33.102416
-7.627535,33.099895
-7.627667,33.096891
-7.627754,33.095256
-7.627726,33.094658
-7.627680,33.093729
-7.627637,33.092776
-7.627581,33.091847
-7.627543,33.090916
-7.627495,33.090042
-7.627339,33.086821
-7.627151,33.082988
-7.626914,33.078157
-7.626612,33.071936
-7.626318,33.063985
-7.626327,33.063665
-7.626342,33.063328
-7.626359,33.062792
-7.626375,33.062635
-7.626443,33.062360
-7.626547,33.061992
-7.626582,33.061974
-7.626644,33.061902
-7.626669,33.061816
-7.626653,33.061729
-7.626616,33.061679
-7.626598,33.061653
-7.626521,33.061467
-7.626536,33.060959
-7.626588,33.059888
-7.626624,33.058850
-7.626561,33.058143
-7.626421,33.056921
-7.626219,33.055503
-7.626168,33.055147
-7.626037,33.053625
-7.625938,33.051935
-7.625260,33.044123
-7.625074,33.042020
-7.625020,33.041557
-7.624847,33.040738
-7.624551,33.039272
-7.623923,33.036899
-7.623270,33.034540
-7.623173,33.034167
-7.622887,33.033154
-7.622809,33.032851
-7.622710,33.032436
-7.622703,33.032417
-7.622591,33.031625
-7.622591,33.029861
-7.622612,33.027506
-7.622645,33.024408
-7.622645,33.023964
-7.622645,33.023159
-7.622601,33.022637
-7.622437,33.021700
-7.622195,33.020855
-7.621864,33.020035
-7.621266,33.018699
-7.621014,33.017984
-7.620714,33.017223
-7.620254,33.016134
-7.620120,33.015738
-7.619759,33.014663
-7.619228,33.013336
-7.619020,33.012809
-7.618881,33.012456
-7.618668,33.012007
-7.618474,33.011480
-7.618273,33.010371
-7.618849,33.008209
-7.619247,33.006654
-7.619437,33.005877
-7.619886,33.004211
-7.619907,33.002630
-7.620018,33.002595
-7.620090,33.002539
-7.620122,33.002496
-7.620148,33.002416
-7.620146,33.002361
-7.620115,33.002283
-7.620073,33.002233
-7.619981,33.002177
-7.620044,33.001548
-7.620151,33.000690
-7.620286,32.999706
-7.620389,32.998909
-7.620495,32.998177
-7.620569,32.997660
-7.620689,32.996822
-7.620836,32.995776
-7.620880,32.995407
-7.620937,32.995062
-7.620965,32.994659
-7.621010,32.994249
-7.621017,32.994030
-7.620989,32.993252
-7.620874,32.991792
-7.620809,32.990713
-7.620759,32.990023
-7.620785,32.989674
-7.620788,32.989095
-7.620891,32.988401
-7.621134,32.986593
-7.621294,32.985389
-7.621376,32.984551
-7.621413,32.984199
-7.621471,32.983916
-7.621664,32.983426
-7.622071,32.982553
-7.622289,32.982012
-7.622581,32.981304
-7.622898,32.980587
-7.622981,32.980360
-7.622999,32.980310
-7.623083,32.980080
-7.623242,32.979557
-7.623542,32.978296
-7.623832,32.977134
-7.624079,32.976118
-7.624180,32.975765
-7.624488,32.975388
-7.624893,32.974457
-7.626204,32.972231
-7.626424,32.971651
-7.627210,32.969414
-7.627395,32.968955
-7.627505,32.967459
-7.627728,32.966882
-7.628106,32.966086
-7.628535,32.965030
-7.628661,32.964697
-7.628734,32.963978
-7.628846,32.963702
-7.629315,32.962544
-7.629821,32.961301
-7.630150,32.960553
-7.630500,32.959899
-7.630860,32.959213
-7.631201,32.958543
-7.631672,32.957588
-7.631963,32.956903
-7.632326,32.956034
-7.632649,32.955318
-7.632838,32.954977
-7.633276,32.954288
-7.633530,32.953858
-7.633646,32.953620
-7.633745,32.953314
-7.633870,32.952964
-7.634175,32.952021
-7.634489,32.951061
-7.634851,32.949937
-7.635194,32.948872
-7.635990,32.946394
-7.636526,32.944756
-7.636648,32.944369
-7.636767,32.944042
-7.636882,32.943800
-7.637129,32.943394
-7.637342,32.943054
-7.637687,32.942489
-7.637944,32.942130
-7.638155,32.941802
-7.638507,32.941229
-7.639642,32.939435
-7.640211,32.938543
-7.640443,32.938153
-7.640672,32.937864
-7.640938,32.937596
-7.641186,32.937388
-7.641690,32.937003
-7.647576,32.932553
-7.651012,32.929906
-7.651168,32.929785
-7.651771,32.929267
-7.652168,32.928930
-7.653129,32.928100
-7.653528,32.927741
-7.655243,32.926227
-7.655760,32.925855
-7.656587,32.925288
-7.657587,32.924580
-7.657757,32.924477
-7.658093,32.924317
-7.658594,32.924148
-7.659703,32.923782
-7.661254,32.923277
-7.663278,32.922631
-7.663903,32.922488
-7.664845,32.922277
-7.665638,32.922097
-7.666287,32.921913
-7.667422,32.921547
-7.669842,32.920709
-7.672449,32.919798
-7.673016,32.919603
-7.673536,32.919449
-7.674556,32.919187
-7.675943,32.918811
-7.680565,32.917598
-7.682698,32.917044
-7.683511,32.916815
-7.684661,32.916427
-7.685767,32.916062
-7.686302,32.915864
-7.686970,32.915573
-7.688624,32.914828
-7.690598,32.913933
-7.692040,32.913290
-7.692268,32.913187
-7.693112,32.912808
-7.693546,32.912606
-7.693954,32.912310
-7.694373,32.911981
-7.694785,32.911570
-7.695217,32.911058
-7.695677,32.910505
-7.696601,32.909386
-7.696955,32.908939
-7.697179,32.908597
-7.697317,32.908315
-7.697512,32.907901
-7.697683,32.907247
-7.697953,32.906089
-7.698980,32.901916
-7.700529,32.896009
-7.700659,32.895632
-7.700939,32.895077
-7.701204,32.894525
-7.702162,32.892408
-7.703840,32.889072
-7.704502,32.887768
-7.705591,32.885883
-7.706167,32.884959
-7.706314,32.884746
-7.706495,32.884542
-7.707000,32.884064
-7.707639,32.883449
-7.708697,32.882422
-7.709427,32.881748
-7.709679,32.881481
-7.710020,32.881034
-7.710391,32.880480
-7.711124,32.879421
-7.711854,32.878342
-7.712518,32.877416
-7.712673,32.877206
-7.712772,32.877084
-7.713028,32.876849
-7.713621,32.876415
-7.716555,32.874293
-7.717521,32.873586
-7.718639,32.872769
-7.719024,32.872526
-7.719639,32.872178
-7.720738,32.871583
-7.723744,32.869937
-7.729068,32.867079
-7.729565,32.866802
-7.730083,32.866512
-7.730551,32.866196
-7.731131,32.865795
-7.731583,32.865493
-7.733654,32.864081
-7.733887,32.863884
-7.734150,32.863633
-7.734577,32.863161
-7.735857,32.861784
-7.736007,32.861588
-7.736266,32.861218
-7.738130,32.858157
-7.738378,32.857795
-7.738667,32.857453
-7.740814,32.855150
-7.741109,32.854823
-7.741345,32.854645
-7.741780,32.854372
-7.742669,32.853829
-7.744189,32.852904
-7.744739,32.852627
-7.745472,32.852285
-7.747456,32.851360
-7.750693,32.849821
-7.751120,32.849614
-7.751457,32.849452
-7.751978,32.849132
-7.753476,32.848200
-7.753859,32.847963
-7.754235,32.847689
-7.754500,32.847470
-7.754857,32.847076
-7.755175,32.846644
-7.755276,32.846504
-7.755732,32.845870
-7.756287,32.845048
-7.757034,32.843985
-7.757480,32.843278
-7.757639,32.842930
-7.757991,32.842108
-7.758432,32.841075
-7.759013,32.839718
-7.759575,32.838421
-7.759891,32.837706
-7.759982,32.837405
-7.760050,32.837101
-7.760139,32.836455
-7.760250,32.835744
-7.760319,32.835187
-7.760387,32.834639
-7.760410,32.834460
-7.760590,32.833105
-7.760792,32.831705
-7.760968,32.830435
-7.761081,32.829556
-7.761156,32.829187
-7.761255,32.828851
-7.761484,32.828354
-7.762072,32.827074
-7.762446,32.826194
-7.762607,32.825701
-7.762832,32.825006
-7.763089,32.824251
-7.763414,32.823235
-7.763973,32.821509
-7.764530,32.819816
-7.764993,32.818373
-7.765436,32.817002
-7.765608,32.816552
-7.765760,32.815969
-7.765820,32.815636
-7.765938,32.814960
-7.766073,32.814202
-7.766311,32.812802
-7.766521,32.811586
-7.766609,32.811199
-7.766735,32.810834
-7.766877,32.810415
-7.767167,32.809610
-7.767459,32.808794
-7.767744,32.808005
-7.767935,32.807499
-7.768068,32.807147
-7.768367,32.806326
-7.768684,32.805424
-7.769011,32.804537
-7.769328,32.803650
-7.769512,32.803292
-7.769719,32.802964
-7.770177,32.802363
-7.770740,32.801570
-7.771385,32.800680
-7.772002,32.799813
-7.772530,32.799075
-7.772840,32.798651
-7.773094,32.798272
-7.773285,32.797915
-7.773476,32.797479
-7.773565,32.797198
-7.773632,32.796858
-7.773748,32.796185
-7.773841,32.795699
-7.774018,32.794574
-7.774184,32.793476
-7.774379,32.792348
-7.774702,32.790251
-7.774779,32.789703
-7.774806,32.789426
-7.774783,32.789127
-7.774704,32.788497
-7.774652,32.788043
-7.774580,32.787216
-7.774548,32.786984
-7.774461,32.786558
-7.774322,32.786117
-7.774106,32.785484
-7.773786,32.784580
-7.773414,32.783539
-7.772290,32.780320
-7.772076,32.779648
-7.772014,32.779298
-7.771999,32.779040
-7.772016,32.778656
-7.772078,32.777526
-7.772105,32.777119
-7.772170,32.776668
-7.772219,32.776373
-7.772380,32.775807
-7.772650,32.774807
-7.772895,32.773936
-7.773151,32.773023
-7.773381,32.772180
-7.773506,32.771711
-7.773594,32.771359
-7.773649,32.771100
-7.773671,32.770798
-7.773654,32.770491
-7.773648,32.769976
-7.773625,32.769013
-7.773589,32.766980
-7.773548,32.764783
-7.773464,32.759682
-7.773468,32.759494
-7.773487,32.759284
-7.773538,32.758959
-7.774255,32.753777
-7.774611,32.751153
-7.774703,32.750320
-7.774712,32.750240
-7.774736,32.750024
-7.774937,32.744850
-7.775017,32.742914
-7.775111,32.741210
-7.775295,32.739420
-7.775551,32.737291
-7.775766,32.735440
-7.775913,32.734740
-7.776033,32.734357
-7.776248,32.733786
-7.776689,32.732677
-7.777683,32.730301
-7.778591,32.728055
-7.779559,32.725970
-7.780256,32.724439
-7.781126,32.722566
-7.781883,32.720966
-7.782150,32.720472
-7.782523,32.719930
-7.783062,32.719109
-7.783273,32.718741
-7.783390,32.718434
-7.783525,32.717892
-7.784071,32.715743
-7.784629,32.713554
-7.785186,32.711285
-7.785480,32.710147
-7.785544,32.709716
-7.785604,32.709209
-7.785563,32.708667
-7.785442,32.707995
-7.785190,32.707193
-7.784144,32.703540
-7.784101,32.703349
-7.784033,32.703045
-7.783983,32.702708
-7.783990,32.702450
-7.784016,32.702185
-7.784084,32.701718
-7.784187,32.701398
-7.784371,32.700966
-7.784532,32.700722
-7.784759,32.700434
-7.785147,32.700028
-7.787285,32.698181
-7.787556,32.697936
-7.787771,32.697731
-7.787939,32.697522
-7.788115,32.697234
-7.788214,32.697011
-7.788305,32.696759
-7.788376,32.696452
-7.788402,32.696076
-7.788372,32.695696
-7.788272,32.695299
-7.788169,32.694879
-7.788076,32.694470
-7.787552,32.692221
-7.786730,32.688707
-7.786685,32.688432
-7.786658,32.688067
-7.786704,32.687633
-7.786790,32.687046
-7.786830,32.686667
-7.786902,32.686209
-7.787575,32.682539
-7.787672,32.682276
-7.787804,32.682031
-7.788041,32.681668
-7.788409,32.681140
-7.789344,32.679825
-7.789517,32.679548
-7.789649,32.679233
-7.789772,32.678845
-7.790516,32.676271
-7.790578,32.675979
-7.790609,32.675696
-7.790607,32.675142
-7.790632,32.673536
-7.790679,32.673243
-7.790763,32.672781
-7.791357,32.669881
-7.791679,32.668238
-7.793559,32.658375
-7.793607,32.658202
-7.793679,32.658034
-7.793782,32.657864
-7.793979,32.657596
-7.794215,32.657282
-7.794787,32.656496
-7.794968,32.656295
-7.795329,32.655953
-7.796226,32.655161
-7.797523,32.653975
-7.798655,32.652929
-7.799982,32.651744
-7.801063,32.650772
-7.801404,32.650422
-7.801630,32.650123
-7.801814,32.649796
-7.801973,32.649478
-7.802127,32.649009
-7.802262,32.648410
-7.802287,32.647979
-7.802242,32.647485
-7.801975,32.646461
-7.801670,32.645262
-7.801359,32.644020
-7.801237,32.643440
-7.800887,32.642016
-7.800824,32.641611
-7.800811,32.641196
-7.800862,32.640829
-7.801000,32.640293
-7.801052,32.640069
-7.801264,32.639191
-7.801344,32.638710
-7.801412,32.638116
-7.801486,32.636974
-7.801652,32.635181
-7.801706,32.634257
-7.801685,32.633894
-7.801622,32.633559
-7.801405,32.632102
-7.801172,32.630772
-7.800835,32.629219
-7.800531,32.627817
-7.800378,32.627011
-7.800374,32.626528
-7.800394,32.625967
-7.800603,32.625187
-7.800796,32.624800
-7.801104,32.624292
-7.801369,32.623948
-7.801874,32.623447
-7.802590,32.622922
-7.803293,32.622492
-7.805109,32.621366
-7.806810,32.620322
-7.808773,32.619104
-7.809217,32.618812
-7.809525,32.618572
-7.809815,32.618302
-7.810135,32.617928
-7.810466,32.617424
-7.810597,32.617075
-7.810710,32.616683
-7.810764,32.616242
-7.810764,32.615782
-7.810684,32.615246
-7.810479,32.614222
-7.810361,32.613588
-7.810266,32.613053
-7.809612,32.609677
-7.809571,32.609451
-7.809528,32.609249
-7.809513,32.608955
-7.809530,32.608693
-7.809571,32.608213
-7.809622,32.607851
-7.810166,32.603002
-7.810292,32.602259
-7.810390,32.601956
-7.810496,32.601666
-7.810655,32.601254
-7.812536,32.596421
-7.814200,32.592204
-7.814577,32.591222
-7.814728,32.590844
-7.814831,32.590546
-7.814912,32.590178
-7.815178,32.588117
-7.815451,32.586598
-7.815991,32.583658
-7.816233,32.582370
-7.816575,32.580550
-7.816965,32.578160
-7.817222,32.576735
-7.817354,32.576102
-7.817467,32.575805
-7.817594,32.575514
-7.817691,32.575320
-7.817930,32.574956
-7.818312,32.574433
-7.818585,32.574084
-7.824844,32.565942
-7.827018,32.563081
-7.827483,32.562437
-7.827638,32.562177
-7.827767,32.561868
-7.828017,32.561270
-7.828146,32.561008
-7.828249,32.560796
-7.828459,32.560448
-7.828673,32.560151
-7.828861,32.559944
-7.829262,32.559537
-7.829780,32.559052
-7.830693,32.558185
-7.831539,32.557383
-7.831886,32.557047
-7.832098,32.556828
-7.832505,32.556295
-7.832646,32.556042
-7.832844,32.555674
-7.833002,32.555257
-7.833240,32.554580
-7.833516,32.553753
-7.834229,32.551663
-7.834492,32.551109
-7.834837,32.550577
-7.835066,32.550246
-7.835987,32.548949
-7.836132,32.548740
-7.836308,32.548470
-7.836444,32.548220
-7.836600,32.547883
-7.836717,32.547574
-7.836795,32.547267
-7.836844,32.546973
-7.836901,32.546141
-7.836959,32.544816
-7.836993,32.544412
-7.837087,32.543970
-7.837165,32.543692
-7.837310,32.543303
-7.837476,32.543003
-7.837817,32.542500
-7.838118,32.542120
-7.838534,32.541745
-7.838893,32.541419
-7.839649,32.540770
-7.840026,32.540429
-7.840568,32.539951
-7.840748,32.539783
-7.841093,32.539440
-7.841726,32.538826
-7.842304,32.538246
-7.842613,32.537986
-7.842920,32.537755
-7.843293,32.537513
-7.843693,32.537302
-7.844062,32.537150
-7.844714,32.536938
-7.845461,32.536732
-7.846611,32.536438
-7.846950,32.536334
-7.847310,32.536209
-7.847729,32.536033
-7.848057,32.535854
-7.848432,32.535635
-7.849230,32.535092
-7.850251,32.534421
-7.851405,32.533657
-7.853052,32.532559
-7.853751,32.532104
-7.854096,32.531838
-7.854348,32.531609
-7.854831,32.531174
-7.858118,32.528113
-7.858803,32.527542
-7.859189,32.527243
-7.859496,32.527060
-7.860068,32.526768
-7.861037,32.526348
-7.862919,32.525516
-7.866715,32.523839
-7.867084,32.523663
-7.867291,32.523546
-7.867611,32.523355
-7.867873,32.523177
-7.868263,32.522861
-7.868839,32.522361
-7.869391,32.521894
-7.870524,32.521299
-7.871239,32.520996
-7.871743,32.520727
-7.872053,32.520522
-7.872390,32.520280
-7.872894,32.519784
-7.873233,32.519390
-7.873716,32.518858
-7.873950,32.518634
-7.874263,32.518406
-7.874756,32.518077
-7.875239,32.517850
-7.875811,32.517617
-7.876382,32.517471
-7.877117,32.517319
-7.877932,32.517157
-7.879557,32.516823
-7.880329,32.516669
-7.880639,32.516637
-7.881105,32.516604
-7.881812,32.516580
-7.882194,32.516556
-7.882596,32.516501
-7.883141,32.516382
-7.883734,32.516234
-7.885311,32.515834
-7.886324,32.515592
-7.886749,32.515467
-7.887266,32.515280
-7.887849,32.514977
-7.888718,32.514509
-7.890070,32.513773
-7.891616,32.512936
-7.892339,32.512532
-7.892732,32.512249
-7.893083,32.511983
-7.893591,32.511508
-7.894501,32.510638
-7.894828,32.510279
-7.895138,32.509901
-7.895482,32.509453
-7.896127,32.508655
-7.896925,32.507662
-7.897616,32.506804
-7.898492,32.505711
-7.898647,32.505546
-7.898835,32.505368
-7.899009,32.505223
-7.899472,32.504879
-7.901597,32.503276
-7.902392,32.502659
-7.902924,32.502112
-7.903310,32.501686
-7.903686,32.501229
-7.904299,32.500509
-7.904623,32.500166
-7.904892,32.499855
-7.905132,32.499579
-7.905187,32.499515
-7.905337,32.499342
-7.905509,32.499161
-7.905651,32.499001
-7.905772,32.498851
-7.905915,32.498676
-7.906140,32.498376
-7.906543,32.497920
-7.907064,32.497323
-7.907317,32.497043
-7.907665,32.496724
-7.908048,32.496411
-7.908664,32.495877
-7.908879,32.495665
-7.909152,32.495333
-7.909364,32.495062
-7.909814,32.494494
-7.911742,32.492053
-7.912109,32.491551
-7.912326,32.491152
-7.912550,32.490669
-7.912918,32.489700
-7.913655,32.487708
-7.914364,32.485827
-7.915141,32.483743
-7.915587,32.482514
-7.915754,32.482052
-7.915886,32.481690
-7.916452,32.480180
-7.916696,32.479529
-7.916915,32.478936
-7.916957,32.478616
-7.916972,32.478089
-7.916921,32.477519
-7.916794,32.476554
-7.916763,32.476324
-7.916667,32.475620
-7.916576,32.474945
-7.916427,32.473805
-7.916392,32.473407
-7.916404,32.472844
-7.916455,32.472491
-7.916562,32.472044
-7.916653,32.471726
-7.916871,32.470907
-7.917647,32.468101
-7.917780,32.467577
-7.917960,32.466288
-7.917966,32.465377
-7.917977,32.464947
-7.917988,32.464577
-7.918000,32.464136
-7.917995,32.461338
-7.917899,32.460572
-7.917821,32.460026
-7.917782,32.459660
-7.917685,32.459122
-7.917601,32.458555
-7.917480,32.457761
-7.917416,32.457394
-7.917380,32.457080
-7.917382,32.456746
-7.917392,32.456499
-7.917426,32.456129
-7.917479,32.455558
-7.918086,32.448624
-7.918143,32.448135
-7.918180,32.447809
-7.918246,32.447561
-7.918347,32.447231
-7.918470,32.446866
-7.918692,32.446268
-7.918947,32.445531
-7.919136,32.444845
-7.919203,32.444440
-7.919289,32.443823
-7.919531,32.442144
-7.919982,32.439010
-7.920462,32.435671
-7.920594,32.435092
-7.920690,32.434800
-7.920917,32.434196
-7.921192,32.433482
-7.921673,32.432177
-7.921782,32.431737
-7.921875,32.431280
-7.922015,32.430262
-7.922110,32.429324
-7.922187,32.428472
-7.922941,32.420519
-7.923691,32.412618
-7.923885,32.410645
-7.923920,32.410116
-7.923984,32.409165
-7.924025,32.408418
-7.924420,32.401537
-7.924524,32.399580
-7.924577,32.398921
-7.924730,32.398261
-7.925002,32.397053
-7.925436,32.395145
-7.925505,32.394740
-7.925541,32.394298
-7.925516,32.393703
-7.925423,32.392007
-7.925388,32.391414
-7.925402,32.390853
-7.925491,32.389561
-7.925542,32.388593
-7.925618,32.387576
-7.926021,32.381588
-7.926085,32.380689
-7.926118,32.380331
-7.926209,32.379743
-7.926301,32.379213
-7.926539,32.377952
-7.926972,32.375576
-7.927676,32.371897
-7.928066,32.369750
-7.928249,32.368655
-7.928455,32.367592
-7.928566,32.367202
-7.928676,32.366890
-7.929004,32.366321
-7.929565,32.365418
-7.935385,32.356234
-7.937501,32.352902
-7.941713,32.346262
-7.942516,32.345029
-7.942811,32.344563
-7.943013,32.344211
-7.943152,32.343962
-7.943285,32.343665
-7.943394,32.343370
-7.943580,32.342721
-7.943803,32.341890
-7.944053,32.340955
-7.944466,32.339486
-7.944582,32.339064
-7.944658,32.338649
-7.944695,32.338163
-7.944684,32.337792
-7.944579,32.337178
-7.944408,32.336427
-7.944161,32.335290
-7.944079,32.334873
-7.944045,32.334406
-7.944068,32.333930
-7.944132,32.333178
-7.944181,32.332724
-7.944194,32.332269
-7.944196,32.332038
-7.944159,32.331696
-7.944105,32.331471
-7.943989,32.330900
-7.943481,32.328528
-7.943448,32.328322
-7.943414,32.328037
-7.943441,32.327298
-7.943521,32.326825
-7.943630,32.326336
-7.943790,32.325572
-7.945316,32.318434
-7.946718,32.313014
-7.947263,32.310926
-7.947346,32.310475
-7.947477,32.309670
-7.947466,32.309007
-7.947506,32.307444
-7.947554,32.303789
-7.947568,32.302704
-7.947556,32.302269
-7.947638,32.301611
-7.947757,32.301117
-7.947902,32.300606
-7.948225,32.299717
-7.948388,32.299284
-7.948652,32.298791
-7.948989,32.298294
-7.949515,32.297587
-7.950140,32.296742
-7.952423,32.293605
-7.953527,32.292101
-7.953963,32.291505
-7.954286,32.291045
-7.954585,32.290505
-7.954710,32.290129
-7.954844,32.289650
-7.954905,32.289075
-7.954864,32.288402
-7.954756,32.287783
-7.954570,32.286773
-7.954378,32.285642
-7.954324,32.284901
-7.954351,32.284418
-7.954560,32.283688
-7.954717,32.283252
-7.954937,32.282706
-7.955184,32.282067
-7.955266,32.281776
-7.955347,32.281381
-7.955387,32.280968
-7.955375,32.280567
-7.955335,32.279920
-7.955307,32.279390
-7.954912,32.273103
-7.954757,32.270469
-7.954685,32.269114
-7.954652,32.268570
-7.954675,32.268013
-7.954724,32.267524
-7.954884,32.266450
-7.955090,32.265145
-7.955245,32.264017
-7.955367,32.263216
-7.955446,32.262726
-7.955479,32.262497
-7.956358,32.256812
-7.956398,32.256534
-7.956835,32.253534
-7.956912,32.253007
-7.956949,32.252768
-7.957481,32.249322
-7.957560,32.248816
-7.957825,32.247096
-7.958051,32.245882
-7.958165,32.245170
-7.958224,32.244796
-7.958421,32.243422
-7.958504,32.242886
-7.958699,32.241620
-7.958792,32.241003
-7.958836,32.240715
-7.959007,32.239593
-7.959011,32.239569
-7.959022,32.239486
-7.959030,32.239425
-7.959074,32.239087
-7.959094,32.238931
-7.959099,32.238638
-7.959100,32.238592
-7.959095,32.238311
-7.959040,32.238035
-7.959016,32.237926
-7.958911,32.237468
-7.958769,32.236983
-7.958704,32.236714
-7.958575,32.236176
-7.958481,32.235818
-7.958336,32.235277
-7.958259,32.234965
-7.958212,32.234774
-7.958118,32.234426
-7.958040,32.234107
-7.957956,32.233759
-7.957368,32.233287
-7.955844,32.232065
-7.954551,32.230884
-7.955251,32.229748
-7.955423,32.229293
-7.955553,32.228955
-7.956166,32.229061
-7.956558,32.229172
-7.956742,32.229242
-7.956853,32.229325
-7.956867,32.229350
-7.956929,32.229403
-7.957006,32.229432
-7.957093,32.229432
-7.957170,32.229403
-7.957234,32.229350
-7.957265,32.229285
-7.957265,32.229211
-7.957234,32.229146
-7.957212,32.229127
-7.957170,32.229092
-7.957145,32.229084
-7.957130,32.229045
-7.957104,32.228858
-7.957034,32.228331
-7.957030,32.227906
-7.957009,32.226578
-7.956972,32.225316
-7.956929,32.223658
-7.956896,32.222484
-7.956907,32.222203
-7.956929,32.221891
-7.956967,32.221443
-7.957047,32.220334
-7.957051,32.220051
-7.957036,32.219623
-7.957008,32.218963
-7.956980,32.218286
-7.956950,32.217566
-7.956359,32.202480
-7.955958,32.192537
-7.955565,32.182574
-7.955090,32.170313
-7.954907,32.165716
-7.953965,32.142452
-7.953696,32.135587
-7.953443,32.129166
-7.953437,32.129007
-7.953335,32.126429
-7.952835,32.113817
-7.952353,32.101281
-7.951798,32.086856
-7.950907,32.063693
-7.950602,32.055964
-7.948931,32.012936
-7.948342,31.997695
-7.948020,31.989050
-7.946162,31.939227
-7.945017,31.910591
-7.945025,31.909937
-7.944932,31.909489
-7.944568,31.908590
-7.943607,31.906902
-7.942726,31.905197
-7.942245,31.902617
-7.942125,31.901976